1 7 1 0 1 3 10 2
2 7 5 0 0 4 7 1
3 5 4 9 2 1 6 2
4 9 10 8 0 4 2 2
5 10 4 7 6 3 5 1
6 1 1 1 4 4 6 1
7 8 9 2 0 4 4 2
8 9 8 1 3 1 7 1
9 2 5 4 0 1 0 2
10 8 8 8 4 9 0 1
11 4 2 10 8 7 7 2
12 1 6 5 8 7 5 2
13 0 8 3 2 5 2 1
14 7 6 4 0 4 7 1
15 0 0 1 0 0 3 2
16 3 3 2 0 7 5 1
17 5 2 8 3 2 8 2
18 5 3 2 1 1 3 1
19 5 4 7 7 0 3 1
20 6 1 8 9 2 3 2
21 4 0 2 10 6 2 1
22 9 4 8 0 9 1 1
23 7 3 0 3 7 7 2
24 6 8 10 0 6 2 1
25 3 0 8 9 1 7 2
26 8 7 5 7 7 9 1
27 4 10 4 9 0 3 1
28 10 0 8 8 9 5 1
29 0 6 10 4 7 8 2
30 4 4 10 8 7 2 1
31 1 10 4 6 1 5 1
32 0 4 6 8 4 8 2
33 10 0 1 8 7 7 2
34 3 1 8 5 2 0 2
35 3 8 2 1 9 10 1
36 3 9 10 1 4 8 1
37 5 10 10 10 6 7 2
38 3 3 10 4 7 7 2
39 4 6 6 2 5 1 2
40 7 3 1 9 4 5 2
41 2 7 0 5 8 2 1
42 1 1 4 7 0 3 2
43 9 1 3 2 9 0 2
44 7 10 10 4 0 2 1
45 5 6 10 10 4 3 2
46 0 0 0 8 10 7 1
47 7 10 3 5 2 1 1
48 6 1 0 3 7 2 1
49 0 7 2 7 10 9 1
50 3 6 8 10 8 7 1
51 10 7 8 1 9 3 1
52 4 0 5 2 0 5 2
53 7 5 6 9 10 1 1
54 4 3 7 1 10 1 1
55 5 6 2 5 3 10 1
56 10 6 9 4 1 1 1
57 1 7 4 2 9 10 2
58 7 6 10 0 4 0 2
59 4 2 8 10 6 1 2
60 7 7 0 1 10 7 1
61 4 7 5 4 7 10 2
62 4 5 0 4 0 6 2
63 3 2 7 5 5 9 1
64 2 4 8 6 2 9 2
65 10 1 2 7 2 9 1
66 8 8 2 4 6 10 2
67 2 4 2 7 5 4 2
68 6 2 0 8 0 10 2
69 6 0 10 7 7 8 2
70 9 3 7 10 9 7 2
71 7 9 7 2 4 2 2
72 2 5 1 5 5 0 1
73 1 10 4 9 8 5 1
74 6 9 10 9 3 2 1
75 3 2 9 3 0 3 1
76 2 1 8 2 8 0 1
77 0 1 0 2 10 1 1
78 7 1 3 6 6 1 2
79 4 10 3 6 10 3 2
80 1 3 2 9 3 8 2
81 8 0 3 1 4 7 1
82 10 0 7 10 6 9 2
83 10 3 8 9 3 8 1
84 6 6 1 1 3 7 2
85 1 6 7 8 6 7 2
86 7 8 9 6 10 9 1
87 1 7 3 0 9 8 1
88 3 7 4 6 2 3 2
89 8 5 3 2 7 8 1
90 1 7 0 0 3 6 1
91 10 9 5 10 4 7 2
92 5 2 8 9 4 6 2
93 9 5 8 8 10 4 2
94 7 3 10 1 6 10 1
95 6 0 2 0 9 5 2
96 3 7 0 3 5 1 1
97 7 0 7 2 3 2 1
98 0 7 4 4 10 8 2
99 6 3 4 7 6 5 2
100 1 1 4 4 3 9 2
101 5 9 8 2 5 6 1
102 0 8 7 1 2 10 2
103 4 7 9 0 1 3 2
104 0 0 6 8 7 7 2
105 3 0 7 6 8 9 2
106 7 6 1 9 1 2 2
107 6 4 8 8 10 4 2
108 0 10 0 0 0 10 1
109 2 6 0 4 9 8 1
110 0 8 10 0 8 1 1
111 4 1 4 1 6 6 1
112 9 4 1 6 7 0 1
113 7 8 4 10 6 2 1
114 6 3 8 8 6 8 1
115 7 1 9 3 8 7 2
116 10 5 0 1 8 10 1
117 8 7 6 9 9 5 2
118 7 0 10 3 3 1 2
119 8 3 2 5 3 4 2
120 6 0 10 3 7 10 2
121 10 4 3 1 9 9 1
122 0 3 1 4 4 9 2
123 8 1 4 4 9 4 2
124 6 2 8 0 9 1 1
125 0 9 9 4 4 0 1
126 5 2 1 7 5 6 1
127 2 0 5 6 0 2 1
128 7 2 2 6 5 3 2
129 8 9 0 4 8 0 1
130 5 8 3 7 10 5 1
131 5 10 5 3 8 8 2
132 7 4 2 1 0 10 1
133 10 0 6 7 3 1 2
134 10 4 6 1 3 5 1
135 2 7 8 0 7 4 2
136 2 7 2 5 6 9 1
137 7 6 7 7 5 4 1
138 9 3 5 4 0 7 2
139 5 9 6 9 6 4 2
140 6 9 5 10 6 2 1
141 6 5 8 7 2 4 1
142 3 3 9 0 7 5 2
143 1 10 8 1 1 0 1
144 8 0 4 8 2 9 2
145 10 0 7 5 8 3 2
146 4 8 4 7 7 4 1
147 9 1 9 5 1 2 2
148 6 1 3 8 0 3 1
149 6 8 4 6 3 8 2
150 8 2 0 0 5 6 2
151 4 3 0 0 9 3 2
152 1 7 9 4 7 3 1
153 2 8 0 10 6 3 2
154 5 6 10 10 4 8 1
155 8 2 2 6 8 3 2
156 6 9 5 5 4 5 1
157 7 4 7 6 1 10 1
158 8 5 9 0 8 2 2
159 0 7 4 3 2 0 1
160 2 7 3 2 4 3 1
161 6 3 2 4 8 8 1
162 7 5 4 4 3 7 2
163 6 6 7 10 2 1 2
164 7 10 9 9 8 1 2
165 2 7 10 1 7 4 2
166 3 0 6 0 0 7 2
167 8 0 10 8 5 5 1
168 3 6 9 7 3 0 1
169 3 8 0 8 9 8 1
170 1 5 2 9 5 9 1
171 1 5 9 8 0 7 1
172 8 3 1 9 8 10 1
173 10 3 1 10 8 7 1
174 4 1 2 0 3 6 1
175 9 8 4 10 10 10 1
176 3 6 1 6 2 0 2
177 5 0 4 5 7 9 1
178 3 3 1 7 4 2 1
179 0 3 5 2 1 8 1
180 2 7 2 7 4 8 2
181 0 0 3 9 3 10 2
182 9 6 4 7 6 6 1
183 6 1 5 10 5 3 2
184 9 7 2 8 8 3 1
185 5 1 6 9 5 6 1
186 4 3 5 6 1 1 2
187 6 0 5 4 4 4 2
188 1 1 10 7 7 9 1
189 6 4 5 1 1 7 1
190 10 10 10 10 6 7 2
191 5 6 3 9 6 1 1
192 0 6 3 6 3 8 1
193 6 5 3 0 4 8 2
194 3 7 9 5 7 9 2
195 3 8 4 6 6 9 2
196 10 9 8 5 0 10 2
197 9 5 2 9 8 3 1
198 3 1 0 1 9 6 1
199 4 3 2 10 8 7 1
200 8 2 8 9 3 10 2
201 9 6 7 5 8 8 1
202 2 10 5 5 2 1 2
203 8 5 3 2 8 5 2
204 4 5 2 5 10 9 2
205 6 8 5 10 9 3 1
206 5 3 6 1 2 3 1
207 10 6 9 6 1 9 1
208 5 5 2 8 6 7 1
209 6 7 5 4 7 9 1
210 10 10 9 5 4 1 1
211 8 6 6 3 0 9 2
212 2 10 3 10 0 8 2
213 8 0 1 5 6 5 2
214 5 1 7 5 0 1 1
215 6 1 8 3 9 5 1
216 8 6 5 10 1 9 2
217 5 0 0 7 10 5 2
218 7 1 6 3 3 6 2
219 0 9 9 3 9 6 1
220 7 3 9 3 6 6 2
221 1 5 8 10 0 10 1
222 9 3 9 5 1 5 2
223 0 8 3 4 8 3 2
224 6 10 8 6 5 4 1
225 7 3 6 6 9 5 1
226 10 0 6 3 4 3 1
227 0 1 8 9 10 7 2
228 8 10 8 7 0 5 1
229 9 9 4 10 5 8 1
230 0 3 7 3 2 6 2
231 10 4 6 0 0 9 1
232 8 6 0 0 1 4 1
233 7 6 6 2 4 10 1
234 10 7 3 0 9 0 1
235 0 10 1 8 1 1 2
236 9 3 0 8 8 2 2
237 5 7 7 0 5 10 2
238 10 8 1 1 5 8 2
239 0 2 10 0 1 0 1
240 6 5 6 7 8 0 2
241 10 10 1 4 2 9 1
242 6 9 3 0 6 4 2
243 6 3 3 0 10 6 2
244 4 5 7 9 5 0 1
245 10 9 6 6 1 9 2
246 2 0 10 10 10 4 1
247 5 7 9 8 1 7 2
248 8 9 6 1 10 9 2
249 10 4 2 8 0 3 2
250 10 9 0 10 7 3 1
251 6 8 6 6 2 10 2
252 8 0 6 0 0 1 1
253 7 10 2 3 3 7 2
254 2 8 10 5 5 8 2
255 9 4 7 1 9 7 2
256 2 3 7 3 7 8 2
257 9 1 1 1 7 6 2
258 6 9 1 7 7 7 1
259 9 1 0 0 8 0 1
260 5 8 7 2 8 8 1
261 6 2 6 7 3 3 2
262 3 2 4 2 7 5 2
263 5 8 6 9 10 8 1
264 6 0 0 7 2 1 1
265 5 3 8 5 6 6 2
266 1 8 5 0 7 2 1
267 7 10 0 9 7 5 1
268 8 3 4 5 0 7 1
269 5 8 2 4 6 2 2
270 6 9 9 5 3 2 1
271 3 9 0 9 1 9 1
272 3 9 7 2 1 1 1
273 1 3 5 5 2 3 1
274 1 10 5 8 7 9 1
275 8 9 6 1 9 8 2
276 5 7 3 8 10 2 2
277 0 10 10 7 9 8 1
278 8 3 0 2 7 3 1
279 6 8 0 10 5 3 1
280 6 4 9 9 5 2 1
281 3 6 6 1 3 6 1
282 7 7 10 1 6 4 2
283 0 5 4 7 5 10 2
284 5 8 3 5 0 7 2
285 10 9 3 8 4 5 1
286 4 1 2 7 4 0 1
287 8 8 5 5 8 9 2
288 9 7 10 2 1 2 1
289 2 6 6 7 5 9 1
290 5 5 9 5 0 2 2
291 5 9 10 8 0 2 2
292 5 6 3 5 3 6 2
293 3 8 5 5 0 6 1
294 1 10 7 9 5 3 1
295 7 9 3 6 5 10 1
296 4 8 3 9 8 6 1
297 2 7 5 3 2 10 2
298 3 10 9 9 3 8 1
299 2 4 0 6 4 10 2
300 1 5 8 1 4 6 1
301 8 9 6 10 9 2 2
302 1 5 2 1 9 1 1
303 5 2 2 2 3 0 2
304 4 0 2 5 3 6 1
305 9 0 6 5 9 7 1
306 8 3 5 0 8 2 1
307 4 7 9 9 2 4 1
308 9 0 6 3 5 10 1
309 10 6 9 7 10 2 1
310 10 10 8 6 8 3 1
311 1 3 2 8 2 10 2
312 8 9 3 9 1 7 2
313 5 2 0 1 3 0 2
314 9 2 4 1 4 2 1
315 6 4 8 0 6 9 1
316 3 0 0 8 4 1 2
317 10 9 2 4 2 10 2
318 0 6 5 9 10 3 1
319 6 10 10 10 5 2 2
320 0 2 3 4 4 0 2
321 5 9 6 1 5 6 2
322 1 6 6 9 5 5 2
323 5 0 5 0 9 9 1
324 1 1 10 9 7 6 1
325 5 3 6 3 5 7 1
326 9 2 4 3 7 2 2
327 10 5 5 4 0 4 1
328 3 3 9 8 5 9 1
329 7 4 8 10 8 4 2
330 3 0 2 8 6 8 2
331 7 1 0 10 8 8 2
332 4 10 2 10 2 5 1
333 3 5 9 0 8 4 1
334 8 0 8 10 0 0 1
335 10 0 10 7 1 5 2
336 1 4 0 7 2 4 2
337 4 4 9 0 1 8 1
338 10 9 8 0 5 4 2
339 5 4 9 9 5 10 1
340 0 1 7 2 10 2 1
341 2 5 0 8 5 9 1
342 6 7 0 8 4 1 1
343 2 7 2 0 1 5 2
344 10 9 10 3 5 6 1
345 9 5 9 6 5 9 1
346 8 8 5 8 4 5 2
347 10 0 1 5 4 7 1
348 9 5 10 0 9 3 2
349 2 5 7 5 10 1 2
350 5 3 1 10 2 10 1
351 5 5 5 0 1 3 2
352 3 4 4 5 9 8 2
353 6 0 10 5 0 9 2
354 3 3 0 10 9 7 1
355 5 9 2 1 6 3 2
356 0 2 4 4 6 10 2
357 0 9 10 8 10 4 2
358 5 4 1 10 3 9 2
359 0 10 10 3 4 2 2
360 10 5 8 9 7 9 2
361 3 8 8 0 2 1 1
362 5 10 2 3 4 2 2
363 9 3 1 3 3 6 2
364 0 10 10 7 7 1 1
365 1 6 4 9 3 0 1
366 9 5 0 10 5 6 1
367 2 6 3 4 10 0 2
368 4 7 9 2 3 6 2
369 7 2 9 0 10 9 1
370 5 6 7 9 6 4 2
371 6 8 1 1 5 3 2
372 7 4 2 4 3 0 1
373 9 9 9 7 3 4 2
374 0 3 5 3 6 1 2
375 5 6 0 8 3 4 1
376 7 7 3 8 3 2 2
377 6 5 5 5 6 5 2
378 2 5 5 1 8 9 2
379 8 8 7 5 4 7 1
380 7 1 9 7 9 1 2
381 10 10 0 2 0 7 1
382 6 6 0 4 7 0 2
383 3 1 3 4 1 5 1
384 5 8 10 1 9 0 1
385 0 9 6 2 7 8 2
386 1 2 7 9 0 4 1
387 1 1 8 2 4 9 1
388 9 8 10 7 8 5 2
389 0 7 10 5 6 7 2
390 2 9 9 0 1 3 1
391 2 7 8 1 1 7 1
392 10 10 8 5 5 9 1
393 2 8 2 0 2 5 2
394 5 9 3 0 9 4 1
395 5 3 10 7 6 2 1
396 8 3 9 3 4 9 1
397 5 3 8 9 2 7 1
398 3 1 3 4 7 10 2
399 0 4 7 6 3 4 1
400 6 0 4 10 5 6 1
401 7 0 9 5 6 5 1
402 9 2 8 1 1 6 2
403 5 6 6 4 9 8 2
404 1 2 0 7 4 2 1
405 3 8 3 3 5 2 2
406 8 4 3 9 3 5 1
407 8 4 0 2 4 10 2
408 9 6 3 6 7 1 1
409 10 6 5 6 1 9 1
410 0 6 7 4 5 4 2
411 6 3 6 1 6 3 1
412 10 9 3 2 6 6 1
413 1 9 8 6 10 3 1
414 7 7 5 9 5 9 1
415 8 9 9 7 0 7 1
416 10 6 8 2 0 5 2
417 6 3 0 3 5 1 1
418 6 7 3 4 5 4 2
419 9 10 2 6 0 1 1
420 2 3 0 1 3 1 1
421 1 6 4 8 1 1 1
422 9 8 9 10 10 0 1
423 3 5 7 5 10 0 2
424 7 2 6 6 10 6 2
425 2 7 7 3 3 7 1
426 8 7 1 6 3 0 1
427 3 7 5 6 4 10 1
428 1 2 9 10 10 1 1
429 3 8 3 7 4 6 2
430 9 10 3 10 10 1 2
431 10 3 0 6 9 8 2
432 6 2 4 6 10 10 1
433 8 6 0 1 5 9 2
434 6 2 2 5 5 3 2
435 2 8 9 4 10 9 2
436 4 0 0 9 9 2 1
437 1 1 7 4 2 10 2
438 6 5 4 5 9 0 1
439 7 6 7 6 2 9 2
440 4 3 2 4 7 10 2
441 10 5 9 4 3 6 2
442 9 3 5 5 0 9 2
443 4 4 2 3 2 5 2
444 0 1 7 2 0 6 2
445 5 0 2 0 2 9 2
446 5 7 8 8 1 0 1
447 9 6 9 5 7 0 2
448 1 1 1 0 0 2 2
449 9 10 2 10 2 7 1
450 0 6 3 10 6 3 1
451 2 4 7 6 8 2 2
452 6 1 4 2 7 3 1
453 7 5 1 9 7 9 2
454 7 0 2 9 4 9 1
455 4 8 4 3 9 7 2
456 1 1 0 8 4 9 1
457 10 1 0 10 0 7 1
458 1 4 9 8 1 5 2
459 4 10 1 6 8 10 1
460 5 3 8 4 4 9 2
461 7 1 2 1 3 9 2
462 2 3 0 5 10 6 1
463 4 2 7 4 6 6 2
464 10 1 3 5 5 3 2
465 2 4 7 5 2 1 1
466 3 5 7 3 1 1 1
467 0 7 5 7 6 7 1
468 6 0 5 0 10 10 2
469 4 8 6 7 6 5 2
470 8 1 6 5 8 3 1
471 9 6 4 8 1 8 2
472 3 10 2 8 5 9 1
473 8 0 0 10 4 4 1
474 6 4 1 6 7 3 1
475 8 0 6 2 0 7 2
476 8 10 5 6 8 3 2
477 6 3 3 5 1 8 2
478 3 7 4 8 5 10 2
479 0 5 8 0 6 2 1
480 9 2 6 2 7 4 2
481 1 4 5 7 6 8 1
482 4 1 7 2 6 4 2
483 5 8 4 8 3 1 2
484 10 7 9 3 0 1 2
485 7 5 0 1 8 0 1
486 0 5 7 10 2 1 1
487 0 3 5 6 4 3 2
488 10 10 8 4 10 9 1
489 4 9 7 3 4 0 1
490 1 7 2 1 7 2 1
491 2 3 2 0 10 1 2
492 8 9 7 7 4 3 2
493 10 3 2 1 2 8 1
494 3 5 0 2 3 10 1
495 7 4 0 7 8 8 1
496 2 2 2 3 3 5 2
497 5 6 10 0 0 10 1
498 2 7 1 7 9 5 2
499 10 10 5 8 8 1 2
500 8 0 2 1 8 9 2
501 9 1 1 9 5 10 2
502 10 9 2 6 4 6 2
503 8 0 8 7 3 6 2
504 2 0 3 6 2 1 2
505 2 5 3 0 3 2 1
506 10 8 6 2 3 0 2
507 8 4 1 7 4 8 2
508 0 2 2 2 1 7 2
509 0 5 1 0 7 4 1
510 5 3 8 8 1 0 1
511 10 8 9 3 6 3 2
512 7 1 9 9 9 10 1
513 6 2 0 7 2 4 2
514 7 9 9 1 3 2 1
515 10 5 9 9 0 8 1
516 3 10 7 1 6 6 1
517 9 0 10 6 4 9 2
518 9 10 4 4 3 6 1
519 2 6 0 10 7 6 1
520 4 4 10 3 0 6 1
521 7 8 3 10 0 3 1
522 0 6 0 5 5 9 2
523 0 5 1 8 6 4 2
524 9 6 7 0 1 1 1
525 7 3 9 3 9 6 1
526 9 1 1 4 2 0 1
527 0 7 2 8 9 7 2
528 7 1 8 4 1 9 2
529 6 6 4 8 1 3 1
530 7 4 3 0 4 7 1
531 4 9 7 4 5 9 1
532 8 7 1 4 3 3 2
533 7 1 6 9 8 3 1
534 3 2 7 0 2 5 2
535 9 2 9 10 5 7 2
536 9 5 10 1 1 8 2
537 5 2 0 10 5 0 2
538 3 8 8 4 2 9 2
539 10 0 5 1 4 4 1
540 7 10 10 3 1 1 1
541 5 5 3 2 1 9 1
542 1 1 10 10 7 4 1
543 8 7 7 8 4 3 1
544 3 0 9 9 0 10 1
545 5 1 4 5 9 5 2
546 9 6 5 9 7 7 1
547 3 5 4 3 1 0 2
548 7 0 10 1 2 0 2
549 3 9 8 7 8 3 2
550 0 5 10 3 8 6 2
551 8 2 4 5 6 10 2
552 1 5 5 0 10 4 2
553 2 2 2 5 4 9 1
554 0 2 6 0 10 4 1
555 5 5 1 6 2 0 1
556 7 2 3 5 9 1 2
557 2 7 5 2 10 10 1
558 2 8 3 1 0 0 2
559 0 5 7 1 1 1 2
560 10 10 5 3 8 2 1
561 9 9 8 5 7 7 2
562 9 0 7 8 7 8 1
563 10 5 9 2 10 10 2
564 10 9 4 10 7 10 1
565 10 2 1 2 8 8 1
566 7 5 10 2 8 7 1
567 6 3 0 6 1 7 1
568 2 3 4 5 3 8 2
569 1 3 5 1 0 5 2
570 7 0 4 10 6 10 2
571 8 7 6 1 6 2 2
572 3 7 7 6 0 8 1
573 0 10 4 10 6 4 2
574 5 0 4 5 7 0 1
575 10 0 7 3 7 4 1
576 4 6 8 1 10 7 2
577 4 3 9 5 1 5 1
578 6 3 5 1 9 3 2
579 3 7 6 10 9 6 2
580 2 6 5 5 10 5 2
581 10 10 4 1 1 8 2
582 6 2 9 9 8 9 2
583 4 0 1 1 7 6 2
584 4 4 0 1 7 2 2
585 9 8 5 3 7 5 1
586 10 6 9 2 0 10 1
587 3 1 9 2 3 1 2
588 0 2 3 6 3 6 2
589 9 6 2 5 7 0 2
590 9 4 7 3 9 3 1
591 9 0 8 1 5 3 1
592 9 10 7 9 1 6 2
593 1 8 6 1 6 4 2
594 10 7 6 9 0 3 1
595 7 2 8 0 10 4 2
596 1 5 5 9 8 4 2
597 0 7 1 7 6 4 1
598 8 6 5 5 5 6 1
599 8 0 1 5 6 3 1
600 7 8 6 3 8 2 1
601 6 1 9 4 6 1 2
602 1 7 9 10 5 7 2
603 1 1 0 9 5 0 1
604 0 9 4 4 1 9 1
605 2 10 6 1 9 2 1
606 5 4 3 10 7 8 1
607 2 0 8 2 4 9 2
608 4 5 4 4 2 7 1
609 8 6 7 5 10 1 1
610 2 4 5 6 7 0 1
611 0 2 10 7 9 6 2
612 9 7 8 7 1 0 2
613 10 2 6 5 2 0 2
614 1 0 5 6 4 3 2
615 6 7 2 8 8 6 1
616 5 2 8 1 9 3 2
617 4 7 6 5 4 8 2
618 6 9 4 7 7 4 2
619 8 3 2 9 7 7 2
620 3 8 7 10 7 8 1
621 7 6 1 4 3 1 1
622 0 7 4 9 1 9 2
623 3 7 7 3 6 0 1
624 1 5 8 0 8 1 2
625 0 4 3 2 6 5 2
626 10 7 10 1 1 8 1
627 6 6 0 3 7 4 2
628 10 0 5 7 8 0 1
629 3 10 7 8 10 2 2
630 7 7 0 10 9 7 2
631 6 1 4 6 2 1 1
632 0 7 2 7 8 0 1
633 9 9 2 0 0 7 2
634 0 1 0 4 1 5 1
635 7 1 10 3 7 8 1
636 4 0 0 7 6 8 1
637 5 0 3 5 6 3 1
638 7 3 2 6 0 10 1
639 10 7 3 3 4 10 2
640 5 8 9 8 4 7 2
641 0 7 3 8 9 9 1
642 5 3 3 10 7 0 2
643 3 7 10 3 9 10 1
644 7 1 5 2 1 10 1
645 4 2 0 6 9 1 1
646 8 6 5 5 3 10 2
647 0 8 3 5 10 2 2
648 1 5 7 3 9 4 1
649 0 0 6 5 4 3 2
650 3 8 2 6 6 2 1
651 10 4 5 4 1 5 1
652 7 1 0 2 0 5 2
653 8 2 0 3 3 8 1
654 8 2 8 6 1 6 1
655 10 5 6 0 2 1 1
656 1 6 6 8 7 9 2
657 9 6 9 9 3 7 2
658 5 6 8 8 8 10 1
659 1 2 5 3 8 4 1
660 9 2 9 9 2 10 2
661 2 4 3 1 6 4 1
662 7 9 5 0 4 8 2
663 1 8 10 10 7 10 2
664 8 5 3 8 0 3 2
665 8 6 2 7 4 3 2
666 7 5 2 7 5 6 1
667 5 5 3 9 0 0 2
668 1 1 2 1 10 2 2
669 0 8 5 0 4 0 1
670 9 1 7 5 1 2 1
671 10 8 1 10 8 8 2
672 0 1 1 2 8 4 2
673 0 10 7 6 2 5 1
674 4 9 5 1 6 0 2
675 7 0 5 8 7 0 1
676 9 7 8 4 7 4 2
677 6 7 5 3 4 7 2
678 1 6 8 2 4 2 1
679 0 2 6 7 7 0 1
680 2 5 9 2 6 8 2
681 10 3 4 3 4 8 2
682 0 9 0 1 9 6 2
683 1 9 4 0 2 7 1
684 0 5 1 9 10 1 1
685 3 10 8 5 10 6 2
686 3 5 9 10 4 1 1
687 0 6 6 7 10 7 2
688 9 9 1 9 4 10 2
689 1 4 4 1 5 1 2
690 9 1 7 8 9 0 2
691 6 3 6 1 2 0 2
692 10 7 10 8 2 8 2
693 10 1 5 3 5 3 2
694 1 6 1 10 10 6 2
695 6 2 10 2 1 1 2
696 7 9 8 2 7 10 2
697 1 9 1 1 1 4 2
698 4 0 9 2 10 4 1
699 6 6 2 10 3 9 2
700 3 10 1 5 2 3 1
701 1 4 0 8 7 5 1
702 6 9 6 3 4 1 2
703 3 6 6 0 2 8 2
704 5 5 8 6 6 0 1
705 1 0 3 3 0 6 1
706 8 6 5 2 8 5 1
707 1 8 0 1 6 0 2
708 3 10 8 6 0 7 2
709 1 2 8 6 8 5 2
710 3 10 4 10 2 8 1
711 3 2 9 1 6 1 1
712 7 9 1 9 10 6 1
713 9 6 3 8 0 10 2
714 2 2 2 2 0 5 2
715 7 4 4 9 9 7 1
716 4 2 6 0 10 0 2
717 7 6 4 4 8 4 1
718 6 5 2 7 3 2 2
719 4 8 4 1 4 1 2
720 7 2 9 9 1 0 2
721 3 6 3 10 9 9 1
722 0 8 4 2 6 1 1
723 6 0 3 2 5 8 1
724 7 9 5 7 6 2 2
725 2 4 5 9 10 1 1
726 9 4 4 5 1 4 2
727 2 9 9 8 0 1 1
728 7 2 7 4 10 7 1
729 1 6 8 1 0 10 2
730 2 10 0 1 8 8 2
731 2 1 1 6 9 9 2
732 0 1 9 1 1 10 1
733 4 1 5 4 3 0 1
734 6 2 0 9 1 6 1
735 1 9 2 3 6 3 1
736 8 9 8 10 0 10 2
737 10 4 0 5 6 9 2
738 8 0 1 1 9 6 2
739 2 8 4 9 3 4 2
740 3 3 0 9 1 10 1
741 5 2 10 4 0 5 2
742 1 8 0 3 7 6 1
743 2 8 6 7 10 6 2
744 10 2 7 9 6 2 2
745 3 4 4 2 7 7 2
746 2 0 8 8 2 9 1
747 9 4 7 7 9 0 1
748 6 0 6 2 4 10 1
749 2 4 9 9 3 1 1
750 8 9 3 7 8 0 1
751 1 10 1 6 7 3 1
752 4 10 2 7 5 5 2
753 3 6 7 10 2 3 2
754 3 10 5 5 9 7 2
755 3 6 7 9 6 10 1
756 7 4 2 8 1 8 2
757 7 7 7 10 7 6 2
758 2 4 1 1 4 10 1
759 2 2 0 3 10 10 2
760 10 2 0 9 2 9 2
761 4 9 5 8 5 4 2
762 4 4 6 0 2 10 1
763 5 8 7 9 6 9 2
764 0 4 7 3 6 2 1
765 10 6 10 1 1 4 2
766 1 8 10 8 5 1 1
767 9 6 7 8 1 8 1
768 6 9 7 3 5 8 1
769 2 1 8 1 2 6 2
770 10 10 6 1 3 7 1
771 4 6 9 1 7 4 2
772 7 0 5 4 0 1 1
773 3 4 4 0 1 4 1
774 6 7 8 7 0 4 1
775 7 6 4 6 2 7 2
776 3 6 2 6 8 5 1
777 8 7 6 6 8 0 1
778 2 4 8 2 0 5 2
779 10 10 5 5 4 10 2
780 2 10 7 0 2 0 1
781 9 5 7 4 5 6 1
782 4 7 5 6 7 8 2
783 3 8 0 10 1 2 2
784 8 9 10 4 4 1 2
785 6 8 7 4 9 3 1
786 9 9 1 4 6 8 1
787 10 2 4 8 8 1 1
788 9 0 6 0 2 10 1
789 5 1 1 6 8 8 2
790 7 1 4 6 7 2 1
791 0 7 0 5 9 4 1
792 7 7 7 9 9 6 1
793 6 0 1 6 3 7 1
794 10 1 3 9 9 10 2
795 3 5 10 0 1 0 1
796 10 9 6 4 9 7 1
797 10 8 6 0 3 6 1
798 5 9 1 4 0 2 2
799 4 7 5 4 3 6 1
800 2 2 4 10 3 6 2
801 8 0 0 3 6 9 1
802 9 6 3 4 5 3 1
803 2 8 5 10 5 7 2
804 10 10 4 7 0 5 2
805 9 6 5 5 2 6 1
806 0 8 10 5 1 5 2
807 7 4 5 10 9 8 1
808 2 5 10 2 5 8 2
809 1 7 1 10 0 8 2
810 6 5 4 5 5 10 1
811 0 2 5 1 6 8 2
812 3 3 5 10 10 6 1
813 1 7 2 0 9 1 1
814 2 9 10 4 8 9 1
815 8 7 1 4 9 0 1
816 4 2 1 9 9 9 1
817 5 2 8 9 1 5 1
818 3 4 7 2 3 9 1
819 9 7 0 10 8 1 2
820 9 9 5 4 4 3 2
821 5 1 8 10 4 3 2
822 1 1 2 8 2 7 2
823 5 7 10 10 4 5 2
824 10 5 3 0 9 4 1
825 0 10 8 1 10 8 1
826 8 1 10 8 6 4 2
827 2 8 4 2 7 10 1
828 9 3 9 9 8 10 2
829 0 9 8 0 0 7 2
830 7 3 4 6 4 9 1
831 7 7 8 3 2 6 2
832 4 6 10 0 4 7 1
833 3 3 7 1 5 6 1
834 6 2 4 9 6 0 1
835 3 0 0 6 6 5 2
836 9 7 3 6 6 5 2
837 7 9 6 10 6 2 2
838 6 0 8 3 10 2 2
839 8 10 8 9 1 0 2
840 8 3 1 7 2 7 1
841 4 1 6 8 6 3 1
842 10 9 1 4 10 8 2
843 9 8 7 2 3 8 2
844 0 2 6 4 8 4 1
845 9 2 6 8 4 9 1
846 0 7 7 4 6 5 1
847 7 1 1 10 9 10 1
848 2 10 6 5 8 1 1
849 2 3 2 4 10 2 2
850 5 2 4 9 0 9 1
851 8 6 8 3 5 0 2
852 7 7 8 6 5 1 2
853 9 7 0 7 10 0 1
854 3 8 10 7 7 6 1
855 0 0 7 5 4 1 1
856 10 7 6 4 8 9 2
857 9 1 3 0 10 5 1
858 1 2 7 8 7 4 1
859 6 9 6 10 7 9 1
860 3 6 9 2 7 4 1
861 7 7 8 10 5 4 1
862 5 3 10 1 2 7 2
863 0 4 5 1 6 5 2
864 10 4 8 10 0 3 2
865 4 5 5 0 9 5 1
866 0 6 3 6 3 1 1
867 10 3 4 8 7 2 1
868 5 1 1 8 3 9 1
869 2 10 10 10 0 6 1
870 0 5 10 2 2 0 1
871 3 10 10 9 4 7 1
872 5 7 9 6 8 7 1
873 8 2 3 4 1 7 2
874 0 1 8 7 3 5 2
875 7 2 3 6 3 2 2
876 6 9 9 2 6 3 2
877 2 7 10 3 3 1 1
878 8 3 1 5 8 0 2
879 9 3 8 7 4 3 1
880 7 0 7 0 4 2 2
881 4 0 6 8 3 4 1
882 5 0 8 4 8 5 2
883 8 0 6 5 2 9 1
884 1 4 2 10 10 9 2
885 5 3 4 3 9 0 1
886 2 4 7 2 2 6 1
887 5 7 8 4 3 6 1
888 9 10 0 1 8 8 1
889 1 8 9 6 2 8 1
890 4 2 8 5 5 7 2
891 8 6 8 9 6 2 2
892 3 6 10 2 3 0 1
893 6 10 0 10 1 4 2
894 7 8 9 7 9 6 1
895 10 5 2 10 2 6 2
896 3 5 2 2 8 5 1
897 5 2 10 10 1 8 2
898 9 0 1 8 0 9 2
899 3 10 8 5 10 7 2
900 10 4 5 1 6 4 2
901 2 1 3 8 3 1 1
902 9 0 8 8 2 2 1
903 8 2 1 4 5 10 2
904 5 0 8 1 3 0 2
905 3 10 0 4 8 1 1
906 6 0 6 7 9 0 2
907 3 7 8 10 4 4 1
908 0 3 2 1 8 0 1
909 6 5 9 0 8 7 1
910 8 0 3 3 4 6 2
911 4 3 5 2 10 7 2
912 7 1 1 1 0 8 1
913 1 7 4 5 5 10 1
914 2 1 1 5 10 1 1
915 2 7 1 6 9 3 1
916 4 0 1 5 10 0 2
917 3 7 10 9 9 7 1
918 9 6 9 4 0 1 2
919 10 5 1 7 1 5 2
920 3 6 5 7 0 4 1
921 3 10 6 6 4 4 1
922 0 5 10 9 8 7 2
923 2 0 9 5 5 0 1
924 10 7 6 7 1 4 2
925 5 0 7 5 9 9 2
926 2 6 1 10 1 4 2
927 6 5 6 4 10 4 1
928 5 9 9 2 6 1 1
929 8 1 6 3 8 2 1
930 7 10 9 5 5 1 1
931 6 0 2 3 7 7 2
932 3 6 2 7 10 1 1
933 4 7 1 6 9 3 1
934 7 8 6 0 5 6 2
935 2 6 5 1 1 2 2
936 1 6 8 9 3 9 1
937 2 4 0 0 7 0 1
938 4 2 5 4 10 7 1
939 8 5 0 5 4 2 2
940 7 2 5 10 6 3 1
941 10 2 8 8 10 10 1
942 6 6 8 10 0 1 2
943 9 3 5 9 2 2 1
944 6 3 3 7 1 6 1
945 7 10 5 10 1 5 2
946 4 6 1 9 2 10 1
947 1 1 0 7 4 5 2
948 3 6 0 8 5 2 2
949 7 3 5 0 9 6 2
950 10 9 4 10 7 6 1
951 0 7 4 1 2 6 1
952 10 3 2 5 0 6 2
953 2 2 6 2 5 0 2
954 5 0 7 5 8 4 2
955 3 6 2 3 7 6 1
956 0 0 0 8 0 5 1
957 1 10 4 7 6 4 2
958 0 0 5 5 0 4 1
959 6 4 7 9 2 6 2
960 10 5 4 2 7 7 1
961 6 10 3 6 9 10 1
962 8 4 2 4 0 7 1
963 10 5 0 10 9 10 2
964 3 10 9 8 3 10 1
965 9 4 2 3 6 1 2
966 4 8 7 2 5 5 1
967 3 2 1 7 4 6 1
968 5 10 1 7 0 9 2
969 8 1 4 10 2 4 2
970 1 5 1 5 3 5 2
971 0 6 0 4 6 8 1
972 3 10 6 6 4 10 2
973 3 1 8 7 10 0 1
974 3 4 5 1 7 6 2
975 0 3 6 1 4 1 2
976 2 2 8 6 2 0 1
977 3 3 8 4 0 1 2
978 6 10 4 6 3 1 1
979 5 2 0 10 6 4 1
980 8 2 4 4 7 3 1
981 10 7 10 7 0 3 1
982 0 2 4 6 2 4 1
983 7 2 3 7 6 1 2
984 7 5 6 2 4 8 2
985 8 6 3 10 4 1 2
986 9 7 8 1 0 4 2
987 0 8 0 2 6 1 2
988 5 5 0 3 10 2 2
989 10 6 7 5 7 9 1
990 7 3 9 6 10 1 1
991 4 2 9 0 10 2 1
992 9 2 0 1 4 0 2
993 0 1 2 2 3 6 2
994 10 7 9 3 3 8 1
995 9 7 10 10 10 6 1
996 3 6 2 0 1 1 1
997 1 0 8 5 2 7 2
998 10 9 1 7 4 0 1
999 0 9 7 7 5 7 1
1000 2 2 2 7 9 7 1
