1 10 10 4 6 7 6 2
2 1 3 6 10 4 3 2
3 6 6 5 3 8 7 2
4 2 10 10 2 2 2 2
5 7 7 5 1 4 4 1
6 8 7 6 6 9 3 1
7 2 6 2 7 7 9 2
8 10 2 5 6 2 5 2
9 8 8 8 3 9 1 1
10 9 5 10 1 8 1 2
11 2 5 4 4 2 2 1
12 1 2 5 10 3 4 2
13 7 7 3 4 4 8 2
14 8 10 10 10 4 8 1
15 4 7 3 5 5 6 2
16 3 1 1 10 5 1 1
17 7 1 10 7 5 8 2
18 9 4 5 5 9 2 1
19 1 2 10 9 6 2 1
20 10 7 5 6 4 9 1
21 4 6 3 10 8 6 2
22 9 4 3 7 7 1 2
23 3 3 3 9 6 4 1
24 3 5 10 9 5 10 1
25 3 10 1 3 9 7 2
26 7 4 4 2 6 1 2
27 6 3 6 2 4 1 2
28 4 4 3 2 9 3 2
29 7 5 3 3 10 6 1
30 8 7 3 5 6 8 2
31 7 4 5 5 3 9 1
32 4 9 10 5 2 8 1
33 5 5 4 5 6 7 1
34 4 10 8 3 2 4 2
35 2 7 8 5 8 10 1
36 7 7 1 1 5 9 2
37 1 8 1 8 3 8 2
38 1 9 8 4 2 9 1
39 3 4 9 3 7 2 2
40 6 9 8 2 2 6 2
41 1 1 9 8 5 6 1
42 4 4 10 3 9 7 2
43 2 8 9 8 6 2 2
44 4 1 9 5 10 7 1
45 8 1 10 9 5 2 2
46 4 10 5 2 2 9 1
47 5 2 8 1 2 9 2
48 7 9 4 1 9 2 2
49 4 10 7 9 4 4 1
50 10 5 3 3 10 6 2
51 2 6 6 9 5 2 1
52 8 5 5 4 3 4 2
53 2 9 8 9 3 1 1
54 3 5 3 2 9 10 2
55 7 4 4 8 8 1 2
56 6 6 2 8 4 6 2
57 7 2 10 7 2 1 1
58 1 7 10 7 8 7 1
59 1 2 6 5 7 9 2
60 3 6 6 8 2 4 2
61 8 6 1 4 1 10 2
62 2 4 4 4 2 4 1
63 4 10 9 4 9 6 1
64 3 6 1 5 5 10 1
65 7 3 4 1 4 4 1
66 3 10 5 4 2 4 1
67 8 10 5 7 1 6 1
68 1 9 10 8 4 3 2
69 6 3 4 1 2 9 1
70 10 6 5 6 8 7 1
71 2 10 4 7 2 2 2
72 1 6 6 9 8 4 2
73 10 2 5 3 2 3 2
74 3 4 6 9 10 3 2
75 8 10 10 8 8 5 1
76 4 3 9 4 6 5 1
77 6 10 6 6 5 7 2
78 7 5 8 3 3 8 2
79 1 9 9 10 4 3 2
80 6 9 9 7 9 9 2
81 8 3 8 8 2 9 1
82 2 4 4 1 8 5 1
83 10 3 2 8 1 3 1
84 2 8 2 1 3 2 1
85 1 1 10 4 7 9 2
86 10 6 8 2 1 5 2
87 3 8 7 8 2 6 1
88 2 7 3 5 4 6 2
89 5 1 8 10 10 1 2
90 3 5 4 6 10 10 1
91 2 4 6 1 9 6 1
92 4 9 1 3 3 10 1
93 5 1 8 6 1 1 2
94 5 3 8 6 10 7 1
95 1 7 2 3 9 7 2
96 7 10 5 8 10 1 1
97 5 4 1 10 8 3 1
98 2 3 7 9 6 8 1
99 4 3 5 8 4 9 1
100 9 7 9 2 10 6 2
101 5 3 6 8 7 8 1
102 9 4 3 4 3 5 1
103 1 3 1 9 5 7 1
104 8 10 7 5 2 1 1
105 9 8 10 9 1 1 2
106 2 6 8 2 4 8 1
107 7 2 10 2 3 5 2
108 10 7 1 7 6 4 1
109 8 3 5 6 6 8 2
110 5 9 7 6 9 6 2
111 10 2 7 5 2 4 1
112 10 6 8 6 6 6 2
113 10 9 5 9 1 5 2
114 7 8 9 5 1 3 2
115 3 8 7 8 1 10 2
116 8 5 10 9 3 7 1
117 4 7 2 8 4 4 2
118 1 1 2 5 4 1 1
119 4 10 7 4 9 8 1
120 6 3 10 8 4 7 1
121 1 1 10 8 9 4 2
122 2 4 6 6 1 2 1
123 4 9 10 10 10 10 2
124 7 8 10 10 7 9 2
125 10 10 3 4 2 3 1
126 4 2 10 10 10 2 1
127 3 8 2 3 4 3 1
128 4 6 6 9 8 6 2
129 9 2 4 8 8 5 2
130 2 10 4 7 5 6 2
131 8 10 1 4 3 10 1
132 3 8 6 5 6 7 2
133 3 6 9 10 10 6 1
134 10 8 1 8 5 9 1
135 6 8 9 9 10 5 1
136 10 9 5 10 7 8 1
137 7 3 10 5 7 8 2
138 9 3 8 2 5 7 1
139 7 2 9 4 5 10 1
140 3 3 6 5 2 6 2
141 6 5 7 9 5 6 2
142 10 9 9 9 4 7 2
143 8 4 8 5 9 8 1
144 8 7 9 5 6 6 2
145 1 3 1 3 1 8 2
146 10 3 5 2 5 8 2
147 2 6 9 10 7 4 2
148 8 10 1 6 2 8 2
149 9 4 3 1 1 3 2
150 8 7 5 5 9 3 2
151 4 5 10 10 2 10 2
152 1 9 1 3 1 4 1
153 5 3 8 9 5 10 1
154 7 10 9 3 4 7 2
155 1 4 5 8 6 3 2
156 2 5 5 5 4 2 1
157 8 3 1 6 8 3 2
158 5 2 8 6 5 8 1
159 10 9 1 4 6 2 1
160 6 2 9 7 7 8 1
161 8 7 2 10 2 3 1
162 8 7 5 1 9 5 2
163 8 10 8 9 6 8 2
164 1 6 4 1 6 7 2
165 3 6 10 7 3 4 2
166 10 6 2 6 8 4 2
167 4 5 1 2 6 1 2
168 5 5 4 4 10 1 1
169 7 3 10 1 9 5 2
170 3 9 8 6 2 6 2
171 4 5 4 8 1 8 1
172 9 6 4 8 5 5 1
173 2 10 9 7 6 5 1
174 9 4 2 5 2 2 1
175 4 10 4 9 5 5 1
176 6 2 6 6 8 9 1
177 4 2 5 7 4 1 2
178 3 1 7 8 3 7 2
179 1 9 10 10 7 8 2
180 4 6 5 2 6 3 1
181 7 2 5 8 2 7 2
182 7 10 4 5 4 5 2
183 9 6 6 6 4 6 1
184 1 2 1 3 10 8 1
185 4 3 3 3 4 7 1
186 1 5 8 4 7 4 1
187 2 3 1 5 9 10 1
188 6 5 3 9 2 10 1
189 4 4 2 9 6 1 1
190 1 8 8 2 8 9 1
191 5 8 8 7 1 3 1
192 2 2 10 6 8 2 2
193 2 2 4 5 9 9 1
194 6 2 2 2 1 2 1
195 5 1 1 1 2 1 1
196 7 10 3 4 6 10 2
197 7 7 7 8 7 2 1
198 8 8 2 2 1 2 1
199 2 3 5 3 7 7 1
200 7 6 9 6 10 4 1
201 10 8 1 6 5 9 2
202 2 8 4 4 6 4 1
203 6 2 3 2 6 3 2
204 1 1 7 2 5 3 1
205 7 3 6 7 3 7 1
206 6 1 10 5 2 4 2
207 10 5 3 4 1 3 2
208 2 7 8 8 7 7 2
209 3 10 7 6 4 6 2
210 4 3 6 9 6 6 1
211 7 8 1 2 5 10 1
212 5 1 1 7 3 6 1
213 6 1 1 3 7 4 1
214 6 6 10 2 5 10 2
215 10 10 5 8 7 6 1
216 3 1 5 10 10 5 1
217 2 8 1 10 8 8 2
218 7 2 4 2 3 9 1
219 9 10 1 1 3 4 2
220 6 4 8 9 1 5 2
221 6 5 10 8 1 1 2
222 2 8 4 10 3 10 2
223 4 7 7 6 8 6 1
224 8 9 4 1 9 7 2
225 10 9 5 2 1 4 2
226 6 6 8 1 10 3 1
227 9 6 3 5 2 6 2
228 6 10 4 2 3 10 2
229 8 4 4 8 2 8 1
230 6 3 4 5 6 5 2
231 6 2 10 4 7 1 2
232 2 9 7 6 1 6 1
233 1 5 7 8 5 6 1
234 8 6 9 5 7 3 2
235 7 3 6 3 1 2 2
236 6 1 10 2 4 3 1
237 2 2 1 4 4 5 1
238 8 6 8 7 2 5 2
239 8 3 8 10 5 9 2
240 9 1 5 7 6 5 2
241 5 4 8 4 2 5 2
242 5 6 6 6 2 5 1
243 1 1 6 5 7 1 2
244 1 6 1 2 1 9 2
245 8 2 6 9 1 1 1
246 6 3 1 10 8 3 1
247 2 1 9 10 8 6 2
248 8 1 9 5 7 6 2
249 6 6 4 9 1 10 1
250 5 1 5 1 4 9 2
251 2 10 10 6 2 3 2
252 2 2 4 9 6 2 2
253 2 5 7 10 4 8 1
254 4 7 6 3 3 7 1
255 3 9 8 6 8 3 2
256 7 7 10 6 5 4 1
257 6 8 2 8 4 2 1
258 10 2 2 9 6 2 1
259 5 2 6 2 8 5 1
260 2 3 4 2 1 1 1
261 9 1 9 6 1 2 1
262 4 8 10 10 4 6 2
263 4 7 6 5 6 4 1
264 5 5 7 10 10 1 1
265 7 3 10 4 9 5 2
266 1 7 2 5 9 3 1
267 2 3 4 2 2 8 2
268 4 9 5 7 1 2 1
269 10 6 8 6 9 5 1
270 10 7 2 2 2 2 2
271 10 1 4 2 10 3 2
272 2 3 1 6 4 10 2
273 2 4 10 8 4 4 2
274 6 8 7 4 7 4 1
275 2 1 3 1 4 4 2
276 9 10 6 2 9 9 2
277 9 4 8 7 8 3 2
278 7 9 3 7 1 7 1
279 10 10 5 3 6 10 1
280 8 2 7 5 4 10 2
281 4 4 9 9 4 3 1
282 6 5 1 7 9 7 2
283 1 1 5 5 6 3 1
284 1 9 3 1 2 8 1
285 3 4 4 4 6 9 1
286 4 4 5 10 10 10 2
287 7 4 10 9 10 4 1
288 4 1 8 3 4 8 2
289 6 5 10 9 10 9 2
290 8 3 6 2 3 9 1
291 7 5 1 3 6 9 1
292 3 7 4 5 10 10 2
293 8 2 4 2 10 9 1
294 3 5 8 7 1 1 2
295 10 6 6 10 2 3 2
296 5 4 5 9 1 8 2
297 6 3 10 1 10 2 1
298 1 8 10 10 3 7 1
299 9 7 6 10 4 10 1
300 8 9 10 2 3 9 2
301 1 3 8 4 4 7 1
302 8 4 5 2 7 9 2
303 4 4 6 2 10 1 2
304 5 8 3 1 7 8 1
305 10 8 4 7 4 7 2
306 4 3 8 7 9 7 2
307 7 1 1 10 8 7 1
308 1 9 1 4 5 7 1
309 7 8 7 5 10 8 1
310 5 6 10 8 3 4 1
311 6 1 9 7 5 9 2
312 6 1 10 5 5 2 1
313 9 3 8 9 7 7 2
314 1 6 3 10 6 4 1
315 3 7 4 8 4 8 1
316 9 2 1 7 8 7 2
317 1 1 1 1 3 5 1
318 10 7 5 3 10 6 1
319 5 4 9 10 6 9 1
320 10 6 5 5 8 2 2
321 8 3 6 10 5 10 1
322 9 6 10 6 7 10 1
323 8 4 10 2 4 9 2
324 9 1 7 6 5 10 1
325 5 4 9 2 1 6 2
326 8 1 10 3 3 4 1
327 6 10 8 3 7 9 1
328 9 3 2 10 5 8 2
329 1 1 4 3 10 4 1
330 10 7 3 2 8 6 1
331 1 7 9 2 9 8 1
332 1 2 5 4 10 4 2
333 5 10 1 8 8 8 1
334 3 10 10 7 7 4 2
335 1 9 8 8 8 3 1
336 4 1 1 4 7 3 1
337 8 7 5 6 3 6 2
338 2 9 1 3 7 7 2
339 2 7 4 6 9 5 1
340 3 10 5 3 9 3 1
341 1 9 6 9 8 6 2
342 4 6 1 3 7 5 1
343 7 9 5 3 2 8 1
344 8 10 2 1 1 10 2
345 10 5 3 3 10 6 1
346 5 7 4 8 8 6 2
347 6 5 4 1 9 9 2
348 8 8 8 7 4 5 1
349 2 4 2 2 6 8 2
350 9 4 1 10 4 4 1
351 6 2 1 2 9 1 2
352 3 7 10 9 4 4 2
353 1 4 10 5 3 4 1
354 3 4 3 10 1 10 2
355 5 5 3 5 5 3 2
356 10 3 4 9 5 6 2
357 6 4 5 6 8 6 1
358 10 5 9 7 5 5 2
359 3 3 1 8 5 6 2
360 8 2 3 1 2 6 1
361 3 4 5 3 7 4 1
362 4 8 2 4 4 10 1
363 8 7 6 4 4 9 2
364 9 7 8 3 3 2 2
365 2 9 2 5 2 3 1
366 3 9 2 4 10 5 2
367 6 10 5 8 3 7 1
368 5 9 6 1 4 4 1
369 4 7 3 2 7 9 1
370 2 10 7 5 1 6 1
371 6 6 1 10 5 7 2
372 6 4 4 9 2 10 2
373 7 5 9 3 8 5 1
374 9 1 1 3 3 5 1
375 1 6 8 2 1 7 2
376 4 2 9 2 9 10 2
377 2 5 2 6 8 2 2
378 10 10 1 7 3 3 2
379 9 8 9 6 6 4 2
380 3 5 4 3 8 8 1
381 3 8 4 4 5 3 1
382 8 7 3 7 4 8 1
383 3 3 2 10 6 1 1
384 4 2 10 5 7 7 2
385 2 1 8 10 1 3 1
386 4 5 5 2 8 3 1
387 1 10 5 5 5 1 1
388 4 8 9 3 9 4 1
389 10 6 7 9 8 4 2
390 1 2 2 4 7 5 1
391 10 4 4 6 5 1 1
392 2 5 9 1 3 4 2
393 5 8 2 8 3 5 1
394 6 10 4 2 9 9 1
395 6 1 3 6 7 7 2
396 6 10 5 10 4 8 1
397 10 3 8 6 5 5 1
398 3 1 10 3 3 9 1
399 6 5 3 4 4 7 2
400 3 3 1 10 7 9 2
401 5 9 4 5 4 8 2
402 4 5 2 1 5 8 1
403 10 6 4 4 5 5 2
404 8 10 1 6 2 2 1
405 5 9 7 2 3 6 1
406 2 8 5 4 8 8 1
407 2 1 3 8 8 8 2
408 9 10 10 9 7 5 2
409 2 8 5 5 8 10 1
410 6 9 5 9 5 3 1
411 5 5 7 6 4 8 1
412 1 1 7 1 10 2 1
413 9 6 3 5 7 5 1
414 8 1 1 4 8 7 2
415 8 6 5 3 10 6 1
416 2 4 8 6 6 2 2
417 9 7 2 2 3 7 2
418 10 1 6 3 9 4 1
419 7 7 4 5 9 10 2
420 4 10 10 5 10 5 2
421 8 5 9 5 2 1 2
422 1 10 9 3 9 5 1
423 9 10 4 9 8 2 2
424 3 5 10 7 7 5 2
425 1 5 6 2 1 6 1
426 5 5 5 3 6 8 2
427 10 3 9 4 7 1 1
428 10 8 9 7 1 6 2
429 3 7 6 6 4 5 2
430 3 3 3 9 8 7 1
431 5 10 2 3 7 10 1
432 3 5 8 5 3 8 2
433 2 9 10 3 6 9 1
434 9 8 10 5 8 9 1
435 2 4 8 4 3 1 1
436 5 2 10 4 5 8 2
437 6 5 4 10 3 7 2
438 3 1 3 7 10 6 2
439 2 6 10 4 4 9 1
440 3 7 5 4 4 4 2
441 3 2 3 10 8 1 2
442 7 6 10 1 4 6 2
443 1 1 5 8 9 4 1
444 9 8 6 5 10 5 1
445 6 7 3 6 9 8 2
446 2 6 8 10 5 9 2
447 7 8 1 5 3 4 1
448 3 3 5 3 10 2 1
449 5 3 9 8 6 10 2
450 1 2 7 5 9 8 2
451 8 5 8 2 5 6 2
452 1 2 5 1 2 6 1
453 2 10 1 6 2 2 1
454 9 10 9 5 4 7 2
455 1 6 10 5 10 2 2
456 5 10 10 7 3 5 2
457 4 10 10 10 3 8 2
458 3 10 6 5 4 10 1
459 9 10 2 5 3 8 2
460 1 10 2 6 6 9 2
461 7 1 10 1 4 5 1
462 7 3 5 7 8 4 2
463 2 6 9 7 5 5 1
464 7 1 7 8 6 10 2
465 8 6 2 3 10 1 1
466 10 2 8 1 6 4 1
467 2 10 10 9 10 4 2
468 2 7 10 1 4 7 2
469 1 3 10 3 5 1 2
470 10 9 10 7 8 3 1
471 3 8 9 1 1 7 2
472 7 9 5 1 2 5 2
473 3 5 5 8 1 1 1
474 4 2 5 8 8 9 1
475 8 9 5 10 10 7 2
476 9 1 7 3 10 4 2
477 10 3 10 8 8 5 2
478 9 5 10 6 9 4 1
479 9 1 5 8 1 9 1
480 6 4 4 1 5 9 1
481 10 8 2 1 1 9 1
482 10 2 6 1 5 9 1
483 6 4 7 8 6 9 1
484 8 6 2 2 9 4 2
485 4 4 10 2 5 5 1
486 10 3 8 5 8 8 1
487 6 8 6 8 6 7 2
488 9 3 10 10 10 6 1
489 4 5 4 2 4 9 1
490 8 10 7 6 2 9 1
491 3 7 2 6 7 7 1
492 4 10 2 7 4 7 1
493 6 2 2 8 6 6 1
494 9 10 2 7 2 7 1
495 8 5 6 10 4 8 1
496 9 6 6 5 4 9 2
497 1 10 5 6 10 7 1
498 3 6 3 6 10 7 1
499 4 8 7 3 1 1 1
500 4 8 6 6 1 2 1
501 4 4 4 2 3 8 2
502 1 5 10 1 8 7 1
503 8 3 10 3 7 6 2
504 10 3 4 10 10 5 2
505 5 6 1 8 1 6 2
506 4 9 8 2 8 9 2
507 2 6 10 8 8 6 1
508 5 9 8 8 9 9 2
509 6 9 3 3 10 1 1
510 2 7 4 6 10 3 2
511 3 10 6 10 6 9 2
512 2 10 1 4 1 7 2
513 8 3 4 10 4 7 2
514 3 4 4 2 3 3 2
515 6 1 4 2 3 3 2
516 8 1 6 7 5 4 1
517 8 1 1 3 4 5 1
518 8 2 4 9 1 9 2
519 2 7 9 3 10 10 1
520 4 3 9 9 8 10 1
521 4 8 10 2 7 6 2
522 2 7 1 5 6 4 1
523 6 3 9 4 10 1 1
524 8 5 3 1 1 2 2
525 4 2 5 4 2 9 1
526 2 7 4 2 7 8 1
527 5 8 2 10 10 2 2
528 10 5 9 9 7 9 1
529 8 8 7 6 8 2 2
530 6 7 1 3 9 4 1
531 8 8 6 4 5 8 1
532 3 2 3 9 8 6 1
533 3 4 8 10 6 5 1
534 8 5 4 2 10 1 1
535 10 6 7 5 7 4 2
536 6 2 4 3 6 7 2
537 1 1 3 2 9 10 1
538 4 5 8 3 8 8 2
539 5 9 4 2 1 10 2
540 10 1 2 9 5 7 2
541 3 2 1 5 7 7 1
542 10 5 8 8 5 9 1
543 1 8 9 1 3 7 1
544 3 7 7 3 1 10 2
545 9 6 5 8 1 10 1
546 6 3 1 3 6 2 1
547 2 8 5 6 2 2 1
548 7 3 5 3 5 9 1
549 10 8 10 7 4 1 2
550 3 2 9 6 9 9 2
551 4 2 6 7 2 5 1
552 1 3 6 7 2 7 2
553 3 6 1 2 6 10 1
554 3 2 4 3 2 4 1
555 5 1 6 8 3 9 1
556 4 7 9 4 1 7 2
557 5 5 4 4 6 8 2
558 9 6 5 2 8 8 2
559 1 7 4 4 7 2 1
560 8 6 6 7 8 10 1
561 6 6 2 8 7 10 1
562 10 4 9 4 9 3 1
563 5 9 1 8 5 10 2
564 4 5 6 2 8 6 1
565 3 7 7 1 4 9 2
566 2 6 8 10 6 10 2
567 6 1 3 10 10 10 1
568 10 7 1 9 2 1 1
569 6 7 2 6 6 5 1
570 3 5 2 5 1 8 1
571 10 9 2 1 8 5 1
572 3 3 1 5 2 7 2
573 5 8 5 5 5 7 2
574 3 10 4 6 6 3 1
575 7 10 4 8 6 7 1
576 10 6 1 2 3 8 1
577 5 4 6 3 4 8 1
578 2 2 6 1 8 6 1
579 2 8 9 10 4 7 1
580 8 4 4 4 6 5 1
581 1 6 6 9 3 3 2
582 1 6 1 1 6 9 1
583 5 1 9 8 5 5 2
584 3 6 6 10 2 6 2
585 5 2 3 2 2 8 1
586 9 10 2 9 10 1 1
587 5 6 10 10 2 10 1
588 1 4 8 8 3 2 1
589 8 4 8 2 6 1 1
590 5 6 10 2 7 2 2
591 10 9 2 9 1 6 2
592 4 8 4 3 8 6 2
593 6 7 9 3 2 10 2
594 3 4 1 2 8 5 2
595 2 10 7 10 2 5 1
596 5 5 2 3 9 4 2
597 2 3 7 2 9 2 2
598 9 6 8 2 3 7 2
599 6 1 9 10 5 6 1
600 10 4 1 3 7 7 1
601 2 1 4 7 4 3 2
602 8 7 10 4 9 1 1
603 5 2 9 8 6 10 2
604 8 9 2 5 7 6 2
605 1 9 1 4 7 10 1
606 1 10 5 7 6 2 2
607 6 6 2 2 5 5 1
608 5 3 7 4 8 9 1
609 7 7 4 4 10 2 2
610 7 4 6 3 6 5 1
611 10 2 1 4 4 3 2
612 7 4 3 1 9 2 2
613 4 9 4 2 4 6 1
614 5 9 3 2 10 3 2
615 2 5 5 1 1 1 2
616 7 2 3 6 2 4 2
617 8 8 8 7 5 6 1
618 3 8 9 1 8 8 1
619 8 2 10 10 5 5 2
620 5 8 7 2 6 1 2
621 3 10 8 5 5 3 2
622 8 10 3 9 5 7 1
623 9 5 2 3 3 3 2
624 6 9 1 10 10 7 2
625 4 5 6 3 6 9 1
626 1 10 6 1 6 10 1
627 1 3 9 10 2 5 1
628 6 8 9 4 6 8 2
629 9 2 7 2 2 7 2
630 4 5 4 5 2 1 1
631 5 10 8 5 9 2 2
632 6 6 4 10 8 1 1
633 1 6 2 4 2 3 1
634 6 2 2 4 2 1 2
635 9 8 10 2 2 8 1
636 1 2 10 3 4 9 2
637 6 2 5 4 2 7 1
638 7 10 9 8 8 5 2
639 6 8 3 1 4 4 1
640 9 7 4 3 10 8 2
641 3 10 10 9 4 9 1
642 8 10 10 7 5 4 2
643 4 2 8 2 1 10 2
644 6 10 5 8 3 7 1
645 1 6 5 9 6 7 1
646 6 7 1 6 5 5 1
647 1 1 6 1 2 4 2
648 3 1 2 7 8 3 1
649 9 8 7 4 6 8 2
650 10 5 6 10 4 8 2
651 3 5 9 9 8 9 1
652 6 7 7 7 9 7 1
653 9 9 4 7 6 3 1
654 9 5 9 3 9 8 2
655 4 1 4 5 6 10 1
656 8 6 8 7 9 5 1
657 3 4 7 9 7 4 2
658 5 10 9 1 4 10 2
659 2 10 3 2 4 2 2
660 4 9 10 10 9 3 1
661 2 7 3 7 6 10 2
662 5 4 3 3 6 2 1
663 10 5 4 1 6 10 2
664 5 10 1 1 1 5 2
665 10 3 2 10 7 6 1
666 3 7 8 3 8 7 1
667 7 9 8 4 10 1 2
668 4 2 3 1 8 8 1
669 8 9 5 8 5 5 2
670 8 4 7 3 3 10 1
671 2 9 4 8 8 5 1
672 10 1 3 5 3 2 1
673 1 2 9 10 5 6 2
674 10 5 2 6 10 10 2
675 4 4 8 3 6 1 2
676 4 3 7 4 6 6 1
677 10 5 6 1 3 9 2
678 10 4 9 6 5 6 2
679 2 6 10 7 5 2 2
680 7 2 8 5 8 9 2
681 9 2 1 4 3 6 2
682 10 10 8 2 8 8 2
683 7 8 7 4 3 2 2
684 2 9 10 10 4 2 2
685 9 1 8 5 9 9 2
686 5 6 6 10 9 9 1
687 8 1 5 3 5 4 2
688 7 5 5 2 2 5 1
689 3 5 1 7 1 4 2
690 5 6 1 6 3 1 2
691 2 5 3 9 8 5 2
692 6 5 7 8 5 7 2
693 9 10 6 6 8 2 2
694 2 3 9 9 8 3 2
695 5 9 1 10 1 7 2
696 5 4 3 8 6 2 2
697 5 7 4 6 6 3 1
698 1 7 10 6 10 7 2
699 5 10 9 7 4 1 1
700 5 9 8 7 10 7 2
701 9 7 9 3 4 5 1
702 1 3 4 8 2 3 1
703 4 5 2 9 1 3 2
704 5 5 9 5 2 2 2
705 10 9 10 7 1 2 1
706 4 4 1 5 6 3 1
707 9 6 4 4 5 5 1
708 10 4 6 3 6 1 1
709 3 8 4 3 3 1 1
710 5 10 10 9 4 9 2
711 9 4 9 1 7 7 1
712 4 6 8 10 4 6 1
713 3 10 6 2 4 9 2
714 4 8 9 9 2 4 1
715 4 9 10 6 3 4 2
716 10 7 4 9 4 2 1
717 6 1 6 8 3 4 2
718 7 9 7 8 5 7 2
719 7 7 8 3 9 5 1
720 6 9 5 7 8 1 2
721 7 2 6 10 7 2 2
722 8 4 3 3 8 9 2
723 4 2 7 8 1 9 1
724 3 10 5 2 10 3 1
725 2 8 1 6 6 1 1
726 8 9 3 9 8 3 2
727 2 9 2 5 7 9 1
728 2 4 10 5 9 9 2
729 6 7 4 7 7 9 2
730 1 2 2 7 7 9 2
731 5 3 5 6 4 1 1
732 3 6 3 4 6 1 2
733 3 7 5 1 10 1 2
734 7 10 8 5 4 4 1
735 8 7 2 1 3 6 1
736 4 3 7 6 1 5 2
737 5 1 2 8 5 10 1
738 9 6 1 4 10 6 1
739 9 5 4 6 2 2 1
740 5 8 7 10 10 8 2
741 7 4 7 8 4 7 2
742 4 5 9 7 1 1 2
743 3 8 9 5 9 10 1
744 2 2 9 7 8 9 2
745 3 8 4 9 8 6 2
746 9 5 1 1 1 6 2
747 6 8 5 6 5 6 1
748 9 3 5 5 8 1 1
749 8 9 2 10 8 6 2
750 4 5 9 10 4 5 2
751 9 1 4 4 1 7 1
752 5 4 7 1 3 3 1
753 5 10 4 7 9 7 1
754 10 4 7 7 7 5 2
755 6 4 7 7 5 10 2
756 7 6 8 2 8 2 2
757 7 7 1 3 9 10 2
758 6 2 10 3 8 2 2
759 5 4 3 8 7 9 2
760 3 9 2 6 5 6 2
761 10 1 8 4 7 3 1
762 7 6 3 5 7 8 2
763 6 10 3 9 6 7 1
764 5 2 7 3 6 2 2
765 4 8 3 10 4 1 1
766 4 3 3 6 7 10 2
767 4 5 3 7 1 5 2
768 6 1 7 10 7 9 1
769 5 3 10 1 3 6 2
770 9 9 10 7 8 1 2
771 2 2 5 1 1 3 2
772 5 10 1 5 7 6 2
773 8 2 8 3 6 3 1
774 4 3 3 4 10 10 2
775 3 7 9 4 2 2 1
776 3 5 3 6 4 7 2
777 3 6 7 8 2 5 2
778 8 5 1 4 8 8 2
779 5 5 7 3 9 2 2
780 1 10 8 4 7 10 1
781 4 1 9 10 10 9 2
782 6 6 3 4 4 7 2
783 7 6 7 2 9 5 1
784 3 3 7 9 10 10 1
785 1 9 10 1 5 9 2
786 7 8 6 10 6 7 2
787 6 10 8 5 10 10 2
788 5 4 2 10 1 7 1
789 5 4 6 6 9 4 1
790 2 8 7 6 1 8 1
791 8 3 6 10 7 3 1
792 9 6 1 6 8 10 1
793 1 3 2 3 10 2 2
794 2 2 1 9 2 2 2
795 9 5 9 7 6 9 1
796 2 3 5 5 9 2 2
797 8 7 1 6 2 3 2
798 7 3 3 8 6 7 2
799 6 8 4 2 5 4 1
800 8 10 5 7 2 2 2
801 5 7 9 5 8 2 2
802 4 1 7 10 7 10 1
803 9 2 7 8 10 3 1
804 7 5 5 8 6 10 2
805 4 1 5 6 10 5 2
806 7 7 7 5 10 1 2
807 1 4 4 5 9 4 2
808 6 7 7 8 6 1 2
809 4 5 1 10 10 2 2
810 9 4 3 7 4 2 1
811 10 10 3 1 1 9 2
812 3 6 5 5 1 7 1
813 8 6 4 9 6 9 1
814 5 5 2 2 3 7 1
815 10 8 6 3 6 6 2
816 7 7 2 8 9 5 2
817 3 8 1 8 3 4 1
818 8 1 5 6 10 5 1
819 8 2 4 2 5 7 1
820 1 10 6 1 9 2 2
821 9 1 1 4 6 6 2
822 8 1 8 5 2 3 2
823 2 10 6 4 6 4 1
824 2 10 3 9 10 6 2
825 4 10 9 7 7 9 2
826 1 1 3 10 5 10 2
827 9 5 9 1 8 8 1
828 2 10 9 1 9 8 2
829 8 9 1 9 7 5 1
830 9 6 1 10 4 2 2
831 2 5 6 8 6 8 1
832 7 3 8 2 3 3 2
833 2 3 3 10 2 1 2
834 10 3 3 2 1 8 1
835 8 10 7 3 4 6 2
836 2 2 1 2 6 7 1
837 6 2 5 7 4 10 1
838 7 4 10 8 10 5 2
839 4 7 3 4 1 3 2
840 6 6 10 3 4 6 1
841 3 7 1 2 3 4 1
842 8 1 5 5 5 10 1
843 4 5 6 9 10 10 2
844 10 2 7 4 3 4 1
845 9 7 4 6 2 2 2
846 4 2 7 2 2 5 1
847 3 9 7 1 10 9 2
848 8 5 10 2 2 2 2
849 5 6 10 10 4 8 2
850 1 2 7 1 4 8 2
851 5 3 9 7 7 5 2
852 3 3 6 4 9 5 1
853 7 1 6 3 4 1 2
854 10 9 3 3 5 7 1
855 5 10 5 3 3 8 1
856 9 2 6 1 1 2 1
857 3 5 5 8 2 5 1
858 8 10 10 1 5 3 2
859 6 1 2 6 5 5 1
860 2 3 10 2 1 2 2
861 5 5 8 6 6 8 1
862 7 8 6 8 10 6 2
863 7 8 2 7 5 5 1
864 3 2 10 5 8 1 2
865 4 2 4 5 5 5 1
866 9 2 9 4 4 10 2
867 5 6 4 10 7 7 1
868 7 7 7 9 10 2 2
869 4 2 8 1 10 10 1
870 10 10 1 10 10 7 2
871 3 10 8 8 2 10 1
872 7 3 5 4 4 8 1
873 1 10 2 7 3 1 2
874 10 1 7 4 3 8 2
875 8 1 8 10 6 6 2
876 4 2 7 8 7 6 2
877 7 8 3 4 1 5 1
878 7 9 2 2 5 3 2
879 3 3 5 6 7 5 1
880 9 2 8 1 4 7 2
881 2 5 4 1 6 10 2
882 3 1 7 6 3 2 1
883 3 9 10 10 8 2 2
884 6 7 1 6 5 7 1
885 8 3 7 6 4 10 1
886 6 6 6 10 2 9 1
887 8 5 2 3 8 5 1
888 10 5 2 1 1 1 2
889 6 3 2 9 10 2 1
890 8 4 5 7 7 3 1
891 5 7 2 4 7 2 2
892 7 4 6 8 5 10 1
893 3 1 10 9 4 7 2
894 1 9 5 4 4 9 1
895 9 9 4 5 4 5 1
896 3 7 1 9 10 5 1
897 2 4 9 8 7 3 2
898 9 9 6 3 6 1 1
899 4 10 7 5 6 7 2
900 5 7 9 1 8 8 2
901 10 1 3 4 10 4 2
902 5 7 3 10 2 1 1
903 10 4 7 6 1 10 1
904 7 4 5 4 5 4 1
905 5 4 10 10 2 9 1
906 3 2 4 6 1 8 2
907 10 6 10 8 7 2 2
908 6 7 5 8 2 3 1
909 4 8 9 8 6 10 2
910 6 6 10 6 2 1 2
911 4 6 7 4 3 9 2
912 8 9 6 6 5 4 2
913 8 1 7 3 1 8 1
914 5 7 9 9 8 9 1
915 10 6 9 1 10 4 1
916 5 9 10 10 7 6 2
917 3 10 4 9 6 3 2
918 9 8 2 2 1 4 1
919 4 6 7 4 6 1 1
920 2 7 5 2 7 4 1
921 8 7 5 5 4 3 1
922 10 7 6 7 9 6 1
923 5 5 8 8 9 7 2
924 5 2 6 10 7 3 1
925 4 3 5 6 10 9 1
926 9 7 7 7 7 3 2
927 2 6 4 4 1 1 1
928 8 5 8 1 1 5 2
929 3 1 7 6 8 4 2
930 6 6 8 8 10 10 1
931 7 8 6 10 5 2 1
932 8 1 7 5 1 2 2
933 3 5 1 7 3 3 1
934 8 4 6 7 6 9 1
935 10 4 1 5 9 2 2
936 6 10 5 2 9 1 2
937 1 2 3 8 2 9 1
938 6 7 2 8 3 9 2
939 6 4 1 10 6 5 1
940 8 2 6 5 4 7 2
941 7 2 5 8 9 2 1
942 1 3 4 4 2 3 2
943 8 10 2 9 3 5 2
944 10 5 4 1 2 8 1
945 6 1 8 3 10 4 2
946 7 4 4 6 1 4 1
947 6 2 10 7 2 7 1
948 2 10 9 7 1 4 2
949 5 10 7 1 8 9 2
950 10 3 5 7 3 7 1
951 1 9 10 6 10 2 1
952 4 10 4 9 10 6 2
953 8 6 2 9 5 3 1
954 9 2 6 5 6 4 1
955 6 8 9 8 1 2 1
956 9 5 10 4 6 6 2
957 9 10 6 3 7 8 1
958 2 9 5 10 6 9 2
959 1 5 10 2 8 5 2
960 9 1 5 4 4 2 1
961 7 7 10 6 4 10 1
962 1 3 7 9 1 4 1
963 1 3 3 10 5 2 2
964 4 6 3 2 9 4 2
965 8 7 9 5 2 3 2
966 2 6 10 3 7 5 2
967 8 3 8 8 1 10 2
968 2 10 1 7 5 8 2
969 6 10 8 5 10 3 1
970 4 7 6 1 10 4 1
971 10 10 9 1 10 1 1
972 1 6 2 9 5 3 2
973 2 8 1 8 8 5 1
974 2 9 5 5 3 5 1
975 5 5 10 1 7 6 1
976 5 1 3 4 10 1 2
977 2 3 5 9 4 8 1
978 8 3 4 8 3 6 2
979 5 10 3 8 5 5 1
980 8 6 5 7 2 2 1
981 1 7 6 6 1 5 2
982 9 9 3 2 10 8 1
983 7 6 3 4 6 3 1
984 1 10 10 2 4 8 1
985 3 6 2 3 7 8 2
986 7 3 9 5 4 6 1
987 4 1 4 1 10 1 2
988 4 9 10 4 9 7 1
989 6 4 1 2 7 1 1
990 7 4 7 10 10 9 2
991 3 2 7 1 10 3 1
992 7 6 4 3 7 1 2
993 2 8 9 2 10 1 1
994 9 10 3 7 6 8 1
995 9 4 2 10 4 3 1
996 9 7 2 3 3 10 2
997 5 9 5 8 9 9 1
998 9 9 7 1 8 5 1
999 1 10 1 2 3 3 1
1000 6 7 7 8 6 8 2
